Advisor                                 Cannon                                  Chariot                                 Elephant                                General                                 Horse                                   Soldier                                 
20,20,20,20,20,20,20,20,20,             58,55,48,40,47,40,48,55,58,             102,97,109,107,108,107,109,97,102,      20,20,20,20,20,20,20,20,20,             10,10,10,10,10,10,10,10,10,             49,42,40,43,38,43,40,42,49,             12,4,15,21,13,21,15,4,12,               
20,20,20,20,20,20,20,20,20,             53,50,44,45,48,45,44,50,53,             106,109,106,111,106,111,106,109,106,    20,20,20,20,20,20,20,20,20,             10,10,10,10,10,10,10,10,10,             31,44,52,39,35,39,52,44,31,             11,21,20,27,9,27,20,21,11,              
20,20,20,20,20,20,20,20,20,             46,47,42,41,44,41,42,47,46,             107,105,103,105,103,105,103,105,107,    20,20,20,20,20,20,20,20,20,             10,10,10,10,10,10,10,10,10,             42,39,38,46,37,46,38,39,42,             6,18,21,24,17,24,21,18,6,               
20,20,20,20,20,20,20,20,20,             50,48,50,47,56,47,50,48,50,             102,104,108,107,105,107,108,104,102,    20,20,20,20,20,20,20,20,20,             10,10,10,10,10,10,10,10,10,             31,49,41,47,36,47,41,49,31,             13,13,19,28,17,28,19,13,13,             
20,20,20,20,20,20,20,20,20,             53,51,49,45,53,45,49,51,53,             96,104,103,105,101,105,103,104,96,      20,20,20,20,20,20,20,20,20,             10,10,10,10,10,10,10,10,10,             35,41,33,42,40,42,33,41,35,             12,11,12,23,17,23,12,11,12,             
20,20,20,20,20,20,20,20,20,             48,45,48,42,54,42,48,45,48,             101,102,105,104,101,104,105,102,101,    19,27,13,10,17,10,13,27,19,             10,10,10,10,10,10,10,10,10,             40,36,46,39,38,39,46,36,40,             6,16,8,14,13,14,8,16,6,                 
20,20,20,20,20,20,20,20,20,             46,43,48,46,55,46,48,43,46,             95,102,101,104,104,104,101,102,95,      23,23,23,19,18,19,23,23,23,             10,10,10,10,10,10,10,10,10,             29,27,35,36,40,36,35,27,29,             3,8,0,7,14,7,0,8,3,                     
20,20,20,16,16,16,20,20,20,             49,44,52,51,50,51,52,44,49,             89,96,96,97,96,97,96,96,89,             18,20,21,21,27,21,21,20,18,             10,10,10,-35,-10,-35,10,10,10,          30,33,32,38,31,38,32,33,30,             10,10,10,10,10,10,10,10,10,             
20,20,20,24,22,24,20,20,20,             51,47,56,48,54,48,56,47,51,             91,97,98,99,96,99,98,97,91,             29,18,12,19,22,19,12,18,29,             10,10,10,-5,-3,-5,10,10,10,             26,28,24,30,29,30,24,28,26,             10,10,10,10,10,10,10,10,10,             
20,20,20,18,26,18,20,20,20,             38,45,48,49,50,49,48,45,38,             84,97,96,100,97,100,96,97,84,           17,21,23,23,20,23,23,21,17,             10,10,10,13,23,13,10,10,10,             24,24,24,19,33,19,24,24,24,             10,10,10,10,10,10,10,10,10,             
                                                                                                                                                                                                                                                                                        

Advisor                                 Cannon                                  Chariot                                 Elephant                                General                                 Horse                                   Soldier                                 
20,20,20,20,20,20,20,20,20,             61,62,48,42,50,42,48,62,61,             103,112,106,102,102,102,106,112,103,    20,20,20,20,20,20,20,20,20,             10,10,10,10,10,10,10,10,10,             40,50,38,40,30,40,38,50,40,             7,0,9,4,4,4,9,0,7,                      
20,20,20,20,20,20,20,20,20,             51,52,52,48,48,48,52,52,51,             97,109,109,108,101,108,109,109,97,      20,20,20,20,20,20,20,20,20,             10,10,10,10,10,10,10,10,10,             39,46,49,41,37,41,49,46,39,             12,6,14,22,15,22,14,6,12,               
20,20,20,20,20,20,20,20,20,             54,44,48,42,47,42,48,44,54,             101,103,109,108,107,108,109,103,101,    20,20,20,20,20,20,20,20,20,             10,10,10,10,10,10,10,10,10,             52,41,36,42,37,42,36,41,52,             18,20,13,28,18,28,13,20,18,             
20,20,20,20,20,20,20,20,20,             50,48,48,48,57,48,48,48,50,             99,108,106,104,105,104,106,108,99,      20,20,20,20,20,20,20,20,20,             10,10,10,10,10,10,10,10,10,             37,46,35,43,38,43,35,46,37,             11,10,18,16,18,16,18,10,11,             
20,20,20,20,20,20,20,20,20,             49,47,53,52,59,52,53,47,49,             103,99,100,100,104,100,100,99,103,      20,20,20,20,20,20,20,20,20,             10,10,10,10,10,10,10,10,10,             37,39,38,44,37,44,38,39,37,             9,9,6,19,17,19,6,9,9,                   
20,20,20,20,20,20,20,20,20,             49,48,44,53,53,53,44,48,49,             96,96,96,99,98,99,96,96,96,             14,19,19,22,21,22,19,19,14,             10,10,10,10,10,10,10,10,10,             36,32,34,37,35,37,34,32,36,             9,12,14,13,18,13,14,12,9,               
20,20,20,20,20,20,20,20,20,             49,55,45,47,51,47,45,55,49,             102,98,99,100,100,100,99,98,102,        29,12,21,19,19,19,21,12,29,             10,10,10,10,10,10,10,10,10,             35,32,29,30,30,30,29,32,35,             10,7,12,6,18,6,12,7,10,                 
20,20,20,16,17,16,20,20,20,             47,46,44,46,54,46,44,46,47,             93,92,88,95,100,95,88,92,93,            12,28,21,19,17,19,21,28,12,             10,10,10,16,3,16,10,10,10,              28,27,31,34,31,34,31,27,28,             10,10,10,10,10,10,10,10,10,             
20,20,20,25,20,25,20,20,20,             45,42,42,47,55,47,42,42,45,             88,87,94,88,96,88,94,87,88,             20,23,18,22,18,22,18,23,20,             10,10,10,11,21,11,10,10,10,             27,26,33,31,29,31,33,26,27,             10,10,10,10,10,10,10,10,10,             
20,20,20,15,26,15,20,20,20,             39,39,47,49,52,49,47,39,39,             91,88,90,92,100,92,90,88,91,            19,22,16,17,14,17,16,22,19,             10,10,10,13,8,13,10,10,10,              29,23,28,34,32,34,28,23,29,             10,10,10,10,10,10,10,10,10,             
                                                                                                                                                                                                                                                                                        

6,0,0,4,6,2,1
1,2,2,11,5,4,8
5